============================================================================================
ANSOFT                                                                              04/04/20
XY Plot 2                                                                           13:05:43

--------------------------------------------------------------------------------------------
        Freq [GHz]        re(S(1,1)) []        im(S(1,1)) []
                                                            
 2.000000000000000   -0.783662332978894    0.613867927168178
 2.100000000000000   -0.762949237092617    0.639401358163246
 2.200000000000000   -0.741420452082927    0.664215176136891
 2.300000000000000   -0.719102101812783    0.688283243709563
 2.400000000000000   -0.696021151615977    0.711580457644330
 2.500000000000000   -0.672205363377005    0.734082774977507
 2.600000000000000   -0.647683249848029    0.755767236898087
 2.700000000000000   -0.622484028330960    0.776611990373475
 2.800000000000000   -0.596637573851356    0.796596307526537
 2.900000000000000   -0.570174371948883    0.815700602776232
 3.000000000000000   -0.543125471206572    0.833906447761018
 3.100000000000000   -0.515522435637987    0.851196584070782
 3.200000000000000   -0.487397297047841    0.867554933819293
 3.300000000000000   -0.458782507477546    0.882966608094989
 3.400000000000000   -0.429710891842724    0.897417913333372
 3.500000000000000   -0.400215600864856    0.910896355659306
 3.600000000000000   -0.370330064394160    0.923390643252147
 3.700000000000000   -0.340087945215374    0.934890686790789
 3.800000000000000   -0.309523093422521    0.945387598039500
 3.900000000000000   -0.278669501442992    0.954873686638681
 4.000000000000000   -0.247561259785421    0.963342455167599
 4.100000000000000   -0.216232513579837    0.970788592548516
 4.200000000000000   -0.184717419972699    0.977207965863675
 4.300000000000000   -0.153050106433373    0.982597610658129
 4.400000000000000   -0.121264630022794    0.986955719802558
 4.500000000000000   -0.089394937669183    0.990281630990956
 4.600000000000000   -0.057474827490024    0.992575812948395
 4.700000000000000   -0.025537911193948    0.993839850424057
 4.800000000000000    0.006382422409206    0.994076428044329
 4.900000000000000    0.038253042767059    0.993289313100034
 5.000000000000000    0.070041111793955    0.991483337340811
 5.100000000000000    0.101714116917408    0.988664377848354
 5.200000000000000    0.133239902952809    0.984839337058598
 5.300000000000000    0.164586702801652    0.980016122001095
 5.400000000000000    0.195723166972503    0.974203622821779
 5.500000000000000    0.226618391927569    0.967411690653041
 5.600000000000000    0.257241947261103    0.959651114892635
 5.700000000000000    0.287563901718953    0.950933599950357
 5.800000000000000    0.317554848071341    0.941271741518771
 5.900000000000000    0.347185926853479    0.930679002421463
 6.000000000000000    0.376428848990792    0.919169688089495
 6.100000000000000    0.405255917327502    0.906758921713814
 6.200000000000000    0.433640047078904    0.893462619118469
 6.300000000000000    0.461554785229117    0.879297463396586
 6.400000000000000    0.488974328897148    0.864280879348140
 6.500000000000000    0.515873542695016    0.848431007755722
 6.600000000000000    0.542227975102287    0.831766679531653
 6.700000000000000    0.568013873881786    0.814307389767119
 6.800000000000000    0.593208200561435    0.796073271711296
 6.900000000000000    0.617788644007140    0.777085070705892
 7.000000000000000    0.641733633111473    0.757364118098123
 7.100000000000000    0.665022348622488    0.736932305152752
 7.200000000000000    0.687634734136531    0.715812056981689
 7.300000000000000    0.709551506278160    0.694026306507552
 7.400000000000000    0.730754164089562    0.671598468475697
 7.500000000000000    0.751224997650906    0.648552413527462
 7.600000000000000    0.770947095952057    0.624912442345759
 7.700000000000000    0.789904354035031    0.600703259882707
 7.800000000000000    0.808081479425354    0.575949949677706
 7.900000000000000    0.825463997869355    0.550677948273223
 8.000000000000000    0.842038258393119    0.524913019734591
 8.100000000000000    0.857791437697603    0.498681230279318
 8.199999999999999    0.872711543903119    0.472008923020738
 8.300000000000001    0.886787419655152    0.444922692830325
 8.400000000000000    0.900008744602176    0.417449361322659
 8.500000000000000    0.912366037254968    0.389615951966812
 8.600000000000000    0.923850656235685    0.361449665327795
 8.699999999999999    0.934454800923862    0.332977854441856
 8.800000000000001    0.944171511505408    0.304228000329497
 8.900000000000000    0.952994668429673    0.275227687650427
 9.000000000000000    0.960918991278721    0.246004580505042
 9.100000000000000    0.967940037052128    0.216586398387507
 9.199999999999999    0.974054197869838    0.187000892296118
 9.300000000000001    0.979258698095000    0.157275821007254
 9.400000000000000    0.983551590878115    0.127438927519958
 9.500000000000000    0.986931754123429    0.097517915678986
 9.600000000000000    0.989398885878130    0.067540426984969
 9.699999999999999    0.990953499144734    0.037534017601196
 9.800000000000001    0.991596916116898    0.007526135567432
 9.900000000000000    0.991331261838966   -0.022455901767923
10.000000000000000    0.990159457289628   -0.052384930085136
10.100000000000000    0.988085211890359   -0.082233960186768
10.199999999999999    0.985113015439633   -0.111976199833670
10.300000000000001    0.981248129474409   -0.141585075308467
10.400000000000000    0.976496578060914   -0.171034252690897
10.500000000000000    0.970865138017487   -0.200297658828555
10.600000000000000    0.964361328572963   -0.229349501985933
10.699999999999999    0.956993400464999   -0.258164292153929
10.800000000000001    0.948770324483668   -0.286716861001506
10.900000000000000    0.939701779466694   -0.314982381450617
11.000000000000000    0.929798139753810   -0.342936386855178
11.100000000000000    0.919070462108903   -0.370554789764489
11.199999999999999    0.907530472119820   -0.397813900251364
11.300000000000001    0.895190550086992   -0.424690443785086
11.400000000000000    0.882063716413366   -0.451161578629313
11.500000000000000    0.868163616509458   -0.477204912745208
11.600000000000000    0.853504505228679   -0.502798520180282
11.699999999999999    0.838101230849533   -0.527920956923786
11.800000000000001    0.821969218622536   -0.552551276209989
11.900000000000000    0.805124453901197   -0.576669043251254
12.000000000000000    0.787583464877586   -0.600254349383545
12.100000000000000    0.769363304944467   -0.623287825607817
12.199999999999999    0.750481534707106   -0.645750655511707
12.300000000000001    0.730956203669149   -0.667624587556990
12.400000000000000    0.710805831618073   -0.688891946719423
12.500000000000000    0.690049389736809   -0.709535645468903
12.600000000000000    0.668706281469113   -0.729539194079199
12.699999999999999    0.646796323167182   -0.748886710258006
12.800000000000001    0.624339724550814   -0.767562928089626
12.900000000000000    0.601357069008120   -0.785553206284177
13.000000000000000    0.577869293768410   -0.802843535728985
13.100000000000000    0.553897669978325   -0.819420546339534
13.199999999999999    0.529463782712678   -0.835271513209201
13.300000000000001    0.504589510951699   -0.850384362058867
13.400000000000000    0.479297007556434   -0.864747673989372
13.500000000000000    0.453608679274107   -0.878350689541769
13.600000000000000    0.427547166805000   -0.891183312072229
13.699999999999999    0.401135324962140   -0.903236110450422
13.800000000000001    0.374396202954641   -0.914500321092185
13.900000000000000    0.347353024824944   -0.924967849339162
14.000000000000000    0.320029170069482   -0.934631270200108
14.100000000000000    0.292448154471431   -0.943483828470334
14.199999999999999    0.264633611173194   -0.951519438247711
14.300000000000001    0.236609272015143   -0.958732681865345
14.400000000000000    0.208398949165875   -0.965118808262862
14.500000000000000    0.180026517067796   -0.970673730819793
14.600000000000000    0.151515894720398   -0.975394024676218
14.699999999999999    0.122891028321876   -0.979276923567238
14.800000000000001    0.094175874288034   -0.982320316199285
14.900000000000000    0.065394382665499   -0.984522742197523
15.000000000000000    0.036570480954375   -0.985883387654803
15.100000000000000    0.007728058353320   -0.986402080313631
15.199999999999999   -0.021109049562076   -0.986079284413574
15.300000000000001   -0.049917075718980   -0.984916095237298
15.400000000000000   -0.078672335978757   -0.982914233389079
15.500000000000000   -0.107351243116238   -0.980076038840134
15.600000000000000   -0.135930320345292   -0.976404464775463
15.699999999999999   -0.164386214391711   -0.971903071277127
15.800000000000001   -0.192695708116916   -0.966576018878868
15.900000000000000   -0.220835732698564   -0.960428062026891
16.000000000000000   -0.248783379376741   -0.953464542481352
16.100000000000001   -0.276515910777014   -0.945691382692583
16.199999999999999   -0.304010771824236   -0.937115079185492
16.300000000000001   -0.331245600263596   -0.927742695984749
16.399999999999999   -0.358198236808072   -0.917581858112395
16.500000000000000   -0.384846734933902   -0.906640745188291
16.600000000000001   -0.411169370348385   -0.894928085162542
16.699999999999999   -0.437144650156724   -0.882453148207426
16.800000000000001   -0.462751321757143   -0.869225740794662
16.899999999999999   -0.487968381495900   -0.855256199981920
17.000000000000000   -0.512775083116143   -0.840555387930386
17.100000000000001   -0.537150946036808   -0.825134686672863
17.199999999999999   -0.561075763499927   -0.809005993149432
17.300000000000001   -0.584529610626734   -0.792181714524974
17.399999999999999   -0.607492852424913   -0.774674763800010
17.500000000000000   -0.629946151791141   -0.756498555723197
17.600000000000001   -0.651870477554668   -0.737667003010594
17.699999999999999   -0.673247112609277   -0.718194512873308
17.800000000000001   -0.694057662182113   -0.698095983851498
17.899999999999999   -0.714284062289219   -0.677386802948853
18.000000000000000   -0.733908588428267   -0.656082843057650
18.100000000000001   -0.752913864559850   -0.634200460660251
18.199999999999999   -0.771282872429037   -0.611756493788524
18.300000000000001   -0.788998961279053   -0.588768260218105
18.399999999999999   -0.806045858008825   -0.565253555869671
18.500000000000000   -0.822407677825672   -0.541230653384540
18.600000000000001   -0.838068935443663   -0.516718300836847
18.699999999999999   -0.853014556876963   -0.491735720539423
18.800000000000001   -0.867229891875947   -0.466302607895239
18.899999999999999   -0.880700727051994   -0.440439130240860
19.000000000000000   -0.893413299734348   -0.414165925623016
19.100000000000001   -0.905354312599705   -0.387504101443824
19.199999999999999   -0.916510949111703   -0.360475232904786
19.300000000000001   -0.926870889803769   -0.333101361174131
19.399999999999999   -0.936422329434215   -0.305404991196725
19.500000000000000   -0.945153995037617   -0.277409089060383
19.600000000000001   -0.953055164890883   -0.249137078827247
19.699999999999999   -0.960115688406264   -0.220612838733912
19.800000000000001   -0.966326006956747   -0.191860696659223
19.899999999999999   -0.971677175631869   -0.162905424754163
20.000000000000000   -0.976160885913871   -0.133772233124293
20.100000000000001   -0.979769489255406   -0.104486762451427
20.199999999999999   -0.982496021530618   -0.075075075438210
20.300000000000001   -0.984334228321420   -0.045563646956691
20.399999999999999   -0.985278590990098   -0.015979352780108
20.500000000000000   -0.985324353478215    0.013650543223965
20.600000000000001   -0.984467549759894    0.043298403561206
20.699999999999999   -0.982705031865295    0.072936233360305
20.800000000000001   -0.980034498377295    0.102535698524579
20.899999999999999   -0.976454523291184    0.132068145902330
21.000000000000000   -0.971964585113717    0.161504625588692
21.100000000000001   -0.966565096064106    0.190815915466491
21.199999999999999   -0.960257431225730    0.219972548086785
21.300000000000001   -0.953043957483484    0.248944839981652
21.399999999999999   -0.944928062068027    0.277702923492065
21.500000000000000   -0.935914180514762    0.306216781182357
21.600000000000001   -0.926007823832465    0.334456282899986
21.699999999999999   -0.915215604664168    0.362391225524602
21.800000000000001   -0.903545262211402    0.389991375434308
21.899999999999999   -0.891005685682440    0.417226513699097
22.000000000000000   -0.877606936015949    0.444066483991918
